,dataset,component,type,description,pvalue,qvalue,precision,recall,f1score,TP
0,colombos,0,regulatory,iscR,3.284594625269721e-11,8.671329810712063e-09,0.6,0.20689655172413793,0.3076923076923077,6.0
1,colombos,0,regulatory,ryhB,4.852201036402511e-09,6.404905368051314e-07,0.5,0.17857142857142858,0.2631578947368421,5.0
2,colombos,1,regulatory,oxyR,1.6501889557207795e-11,4.356498843102858e-09,0.6666666666666666,0.2,0.30769230769230765,6.0
3,colombos,2,regulatory,glpR,6.594432888253544e-17,1.7409302824989354e-14,0.8571428571428571,0.75,0.7999999999999999,6.0
4,colombos,3,regulatory,gadX,1.1735698041091316e-26,3.0982242828481074e-24,0.6842105263157895,0.5652173913043478,0.6190476190476191,13.0
5,colombos,3,regulatory,gadW,9.493227374181222e-25,1.2531060133919212e-22,0.5263157894736842,1.0,0.6896551724137931,10.0
6,colombos,3,regulatory,gadE,6.674482085124617e-16,5.873544234909663e-14,0.47368421052631576,0.36,0.40909090909090906,9.0
7,colombos,3,regulatory,ydeO,6.252716231235777e-13,4.126792712615613e-11,0.3684210526315789,0.4117647058823529,0.3888888888888889,7.0
8,colombos,3,regulatory,h-NS,3.4897626225053547e-12,1.8425946646828272e-10,0.5789473684210527,0.088,0.15277777777777776,11.0
9,colombos,3,regulatory,fliZ,7.089377054669873e-11,3.119325904054744e-09,0.3157894736842105,0.375,0.34285714285714286,6.0
10,colombos,3,regulatory,rcsB,6.801612131726313e-09,2.565179432536781e-07,0.2631578947368421,0.3333333333333333,0.29411764705882354,5.0
11,colombos,3,regulatory,rpoS,1.0890993667810638e-08,3.5940279103775106e-07,0.5789473684210527,0.0421455938697318,0.07857142857142857,11.0
12,colombos,6,regulatory,exuR,1.9778567704266136e-16,5.2215418739262597e-14,0.6666666666666666,0.8571428571428571,0.75,6.0
13,colombos,6,regulatory,uxuR,1.4159769303596025e-12,1.8690895480746754e-10,0.5555555555555556,0.625,0.5882352941176471,5.0
14,colombos,9,regulatory,flhD;flhC,3.0210200423253035e-37,7.975492911738801e-35,0.8,0.32432432432432434,0.46153846153846156,24.0
15,colombos,9,regulatory,fliA,1.0151574739230408e-23,1.3400078655784138e-21,0.5666666666666667,0.27419354838709675,0.3695652173913043,17.0
16,colombos,9,regulatory,csgD,4.100941597210626e-08,3.6088286055453507e-06,0.2,0.23076923076923078,0.21428571428571427,6.0
17,colombos,9,regulatory,rpoD,1.122694994672723e-07,7.4097869648399716e-06,0.8333333333333334,0.019409937888198756,0.03793626707132018,25.0
18,colombos,10,regulatory,argR,3.326137160816251e-08,8.781002104554903e-06,0.8,0.11764705882352941,0.20512820512820512,4.0
19,colombos,10,regulatory,ntrC,7.251782119304384e-08,9.572352397481786e-06,0.8,0.0975609756097561,0.1739130434782609,4.0
20,colombos,11,regulatory,tdcR,0.0,0.0,1.0,1.0,1.0,3.0
21,colombos,11,regulatory,tdcA,0.0,0.0,1.0,1.0,1.0,3.0
22,colombos,14,regulatory,galS,7.050780812753183e-10,9.3070306728342e-08,0.5,0.5,0.5,4.0
23,colombos,14,regulatory,galR,7.050780812753183e-10,9.3070306728342e-08,0.5,0.5,0.5,4.0
24,colombos,14,regulatory,crp,3.2300742049684276e-08,2.842465300372216e-06,1.0,0.01909307875894988,0.037470725995316166,8.0
25,colombos,15,regulatory,evgA,1.8428764378542202e-23,4.8651937959351414e-21,1.0,0.6,0.7499999999999999,9.0
26,colombos,16,regulatory,lrp,1.6852074743940404e-11,4.4489477324002664e-09,1.0,0.1,0.18181818181818182,6.0
27,colombos,16,regulatory,h-NS,1.5789188352939565e-09,2.0841728625880225e-07,1.0,0.048,0.0916030534351145,6.0
28,colombos,16,regulatory,ihf,2.0968034442194977e-08,1.845187030913158e-06,1.0,0.031413612565445025,0.06091370558375635,6.0
29,colombos,17,regulatory,leuO,1.77018483322971e-08,4.673287959726434e-06,0.053691275167785234,0.5714285714285714,0.09815950920245398,8.0
30,colombos,21,regulatory,iscR,1.113127287666537e-12,1.8362185905716506e-10,0.8571428571428571,0.20689655172413793,0.33333333333333326,6.0
31,colombos,21,regulatory,oxyR,1.391074689827008e-12,1.8362185905716506e-10,0.8571428571428571,0.2,0.32432432432432434,6.0
32,colombos,21,regulatory,nsrR,2.7821149560479513e-10,2.448261161322197e-08,0.8571428571428571,0.08695652173913043,0.15789473684210523,6.0
33,colombos,21,regulatory,fur,3.702333562008659e-09,2.443540150925715e-07,0.8571428571428571,0.05714285714285714,0.10714285714285714,6.0
34,colombos,21,regulatory,ihf,1.4028585675802418e-07,7.407093236823676e-06,0.8571428571428571,0.031413612565445025,0.0606060606060606,6.0
35,colombos,22,regulatory,yieP,5.109388986041604e-11,1.3488786923149835e-08,0.8333333333333334,0.20833333333333334,0.33333333333333337,5.0
36,colombos,24,regulatory,cysB,1.2292998274014474e-11,3.2453515443398213e-09,0.6,0.24,0.34285714285714286,6.0
37,colombos,25,regulatory,gcvA,2.0726896871132516e-09,5.471900773978984e-07,0.75,0.75,0.75,3.0
38,colombos,27,regulatory,nanR,5.9354981374902765e-22,1.5669715082974329e-19,0.8,0.8888888888888888,0.8421052631578948,8.0
39,colombos,31,regulatory,rpoE,1.335260747911985e-59,3.52508837448764e-57,0.5813953488372093,0.4807692307692308,0.5263157894736843,50.0
40,colombos,31,regulatory,cpxR,1.033664342768585e-11,1.364436932454532e-09,0.16279069767441862,0.25925925925925924,0.2,14.0
41,colombos,32,regulatory,cra,5.219347833309131e-20,1.3779078279936105e-17,0.6086956521739131,0.21875,0.3218390804597701,14.0
42,colombos,32,regulatory,rpoS,6.986115236538251e-10,9.22167211223049e-08,0.5652173913043478,0.04980842911877394,0.09154929577464789,13.0
43,colombos,33,regulatory,glcC,2.0726896871132516e-09,5.471900773978984e-07,0.75,0.75,0.75,3.0
44,colombos,33,regulatory,pdhR,8.506360065435832e-09,1.1228395286375298e-06,1.0,0.1111111111111111,0.19999999999999998,4.0
45,colombos,34,regulatory,flhD;flhC,2.0037288332619732e-32,5.289844119811609e-30,0.8695652173913043,0.2702702702702703,0.41237113402061853,20.0
46,colombos,34,regulatory,fliA,2.6775024010534717e-16,3.5343031693905826e-14,0.5217391304347826,0.1935483870967742,0.2823529411764706,12.0
47,colombos,34,regulatory,matA,4.418925933338768e-08,3.888654821338116e-06,0.17391304347826086,0.5714285714285714,0.26666666666666666,4.0
48,colombos,35,regulatory,paaX,4.1717091536965574e-27,1.1013312165758912e-24,0.7857142857142857,0.7857142857142857,0.7857142857142857,11.0
49,colombos,35,regulatory,slyA,1.5388854657252424e-23,2.03132881475732e-21,0.7857142857142857,0.4782608695652174,0.5945945945945946,11.0
50,colombos,35,regulatory,ihf,2.299088291178537e-12,2.0231976962371126e-10,0.7857142857142857,0.05759162303664921,0.1073170731707317,11.0
51,colombos,35,regulatory,crp,7.851922149991935e-12,5.182268618994677e-10,0.9285714285714286,0.031026252983293555,0.06004618937644342,13.0
52,colombos,37,regulatory,pspF,1.2074257179956783e-15,3.187603895508591e-13,1.0,0.8333333333333334,0.9090909090909091,5.0
53,colombos,37,regulatory,rpoN,3.520922579166633e-08,4.647617804499955e-06,1.0,0.0423728813559322,0.0813008130081301,5.0
54,colombos,39,regulatory,mlc,7.79084803206863e-18,2.056783880466118e-15,0.6363636363636364,0.7777777777777778,0.7000000000000001,7.0
55,colombos,41,regulatory,lrp,3.696263599264686e-14,9.75813590205877e-12,0.6923076923076923,0.15,0.2465753424657534,9.0
56,colombos,42,regulatory,metJ,1.3143757870091497e-23,3.469952077704155e-21,0.5882352941176471,0.8333333333333334,0.6896551724137931,10.0
57,colombos,42,regulatory,hypT,1.5672314113973771e-09,2.068745463044538e-07,0.29411764705882354,0.38461538461538464,0.33333333333333337,5.0
58,colombos,43,regulatory,rpoS,6.349325706115305e-11,1.6762219864144404e-08,0.36065573770491804,0.0842911877394636,0.13664596273291926,22.0
59,colombos,44,regulatory,lexA,9.405032366399659e-34,2.4829285447295097e-31,0.65625,0.42,0.5121951219512195,21.0
60,colombos,45,regulatory,lldR,5.182807278668688e-10,1.3682611215685337e-07,0.75,1.0,0.8571428571428571,3.0
61,colombos,46,regulatory,spermidine,0.0,0.0,1.0,1.0,1.0,5.0
62,colombos,46,regulatory,modE,1.3241596364154572e-10,1.7478907200684033e-08,1.0,0.125,0.2222222222222222,5.0
63,colombos,46,regulatory,lrp,1.0990616746592045e-09,8.594579659583059e-08,1.0,0.08333333333333333,0.15384615384615385,5.0
64,colombos,46,regulatory,fliA,1.3022090393307665e-09,8.594579659583059e-08,1.0,0.08064516129032258,0.1492537313432836,5.0
65,colombos,46,regulatory,fur,1.9431634554469978e-08,1.025990304476015e-06,1.0,0.047619047619047616,0.0909090909090909,5.0
66,colombos,46,regulatory,arcA,1.1905218183162659e-07,5.23829600059157e-06,1.0,0.03333333333333333,0.06451612903225806,5.0
67,colombos,47,regulatory,nrdR,1.1269306701281958e-14,2.975096969138437e-12,1.0,0.625,0.7692307692307693,5.0
68,colombos,48,regulatory,ydeO,5.298515852429342e-25,1.3988081850413462e-22,0.7333333333333333,0.6470588235294118,0.6875,11.0
69,colombos,48,regulatory,appY,1.842876437852387e-23,2.432596897965151e-21,0.6,1.0,0.7499999999999999,9.0
70,colombos,48,regulatory,rpoS,6.364109248198265e-12,5.600416138414473e-10,0.8,0.04597701149425287,0.08695652173913043,12.0
71,colombos,48,regulatory,iscR,7.615292143541437e-10,5.026092814737348e-08,0.4,0.20689655172413793,0.2727272727272727,6.0
72,colombos,48,regulatory,arcA,1.231298847024715e-09,6.501257912290495e-08,0.6,0.06,0.1090909090909091,9.0
73,colombos,48,regulatory,narP,9.481585377694587e-09,4.171897566185618e-07,0.4,0.13953488372093023,0.2068965517241379,6.0
74,colombos,51,regulatory,purR,1.7633895981722203e-38,4.6553485391746616e-36,0.6666666666666666,0.6666666666666666,0.6666666666666666,20.0
75,colombos,53,regulatory,iclR,5.180641156892485e-09,1.367689265419616e-06,0.6,0.75,0.6666666666666665,3.0
76,colombos,56,regulatory,lsrR,0.0,0.0,1.0,1.0,1.0,8.0
77,colombos,56,regulatory,crp,3.2300742049684276e-08,4.263697950558324e-06,1.0,0.01909307875894988,0.037470725995316166,8.0
78,colombos,57,regulatory,molybdopterin,0.0,0.0,1.0,1.0,1.0,4.0
79,colombos,57,regulatory,cueR,2.1661217380881237e-12,2.859280694276323e-10,1.0,0.6666666666666666,0.8,4.0
80,colombos,57,regulatory,modE,1.3197457709609292e-08,1.1613762784456176e-06,1.0,0.1,0.18181818181818182,4.0
81,colombos,62,regulatory,fur,8.294623954602936e-36,2.189780724015175e-33,0.75,0.2571428571428571,0.3829787234042553,27.0
82,colombos,63,regulatory,rcsA;rcsB,3.6508943750924504e-10,9.638361150244069e-08,0.21428571428571427,0.42857142857142855,0.2857142857142857,6.0
83,colombos,65,regulatory,rpoH,7.430596248132057e-79,1.961677409506863e-76,0.7692307692307693,0.4878048780487805,0.5970149253731344,60.0
84,colombos,66,regulatory,fadR,5.2605292721553e-09,1.3887797278489993e-06,0.8,0.18181818181818182,0.2962962962962963,4.0
85,colombos,68,regulatory,ile-tRNA,5.256622469662027e-21,1.3877483319907752e-18,0.875,1.0,0.9333333333333333,7.0
86,colombos,68,regulatory,val-tRNA,5.049776332904769e-11,6.665704759434295e-09,0.5,0.8,0.6153846153846154,4.0
87,colombos,68,regulatory,leu-tRNA,1.2680077647372681e-09,1.1158468329687959e-07,0.5,0.4444444444444444,0.47058823529411764,4.0
88,colombos,68,regulatory,thr-tRNA,7.255930190136191e-09,4.788913925489886e-07,0.375,1.0,0.5454545454545454,3.0
89,colombos,70,regulatory,UTP,7.258097970687709e-22,1.916137864261555e-19,0.6666666666666666,1.0,0.8,8.0
90,colombos,70,regulatory,purR,1.7841321406815616e-10,2.3550544256996613e-08,0.5,0.2,0.28571428571428575,6.0
91,colombos,73,regulatory,arcA,9.047599994473171e-12,2.3885663985409173e-09,0.3269230769230769,0.11333333333333333,0.16831683168316833,17.0
92,colombos,74,regulatory,csiR,0.0,0.0,1.0,1.0,1.0,4.0
93,colombos,74,regulatory,lrp,7.04184515834729e-08,9.295235609018423e-06,1.0,0.06666666666666667,0.125,4.0
94,colombos,75,regulatory,narL,5.1689933784755513e-14,1.3646142519175456e-11,0.6875,0.1,0.17460317460317462,11.0
95,colombos,75,regulatory,fnr,6.767492598691547e-10,8.933090230272842e-08,0.6875,0.04263565891472868,0.08029197080291971,11.0
96,colombos,78,regulatory,dksA,1.6607396748186627e-21,4.384352741521269e-19,0.4074074074074074,0.2222222222222222,0.28758169934640526,22.0
97,colombos,79,regulatory,dhaR,5.180641156892485e-09,1.367689265419616e-06,0.6,0.75,0.6666666666666665,3.0
98,colombos,80,regulatory,rcsB;bglJ,1.5534678195364521e-09,4.1011550435762336e-07,0.0821917808219178,0.75,0.14814814814814814,6.0
99,colombos,81,regulatory,nsrR,1.3367908905315193e-08,3.5291279510032108e-06,0.8333333333333334,0.07246376811594203,0.13333333333333333,5.0
100,colombos,82,regulatory,puuR,2.356281022025039e-18,6.220581898146102e-16,0.8571428571428571,1.0,0.923076923076923,6.0
101,colombos,82,regulatory,arcA,3.252823362212421e-08,4.293726838120396e-06,0.8571428571428571,0.04,0.07643312101910829,6.0
102,colombos,84,regulatory,srlR,7.242871250142941e-15,9.560590050188682e-13,0.8333333333333334,0.8333333333333334,0.8333333333333334,5.0
103,colombos,84,regulatory,gutM,7.242871250142941e-15,9.560590050188682e-13,0.8333333333333334,0.8333333333333334,0.8333333333333334,5.0
104,colombos,93,regulatory,malT,4.2042715780895425e-20,1.1099276966156392e-17,0.875,0.875,0.875,7.0
105,colombos,95,regulatory,leu-tRNA,1.4159769303637826e-12,3.738179096160386e-10,0.625,0.5555555555555556,0.5882352941176471,5.0
106,colombos,95,regulatory,leuO,1.002871474701308e-08,1.3237903466057265e-06,0.5,0.2857142857142857,0.36363636363636365,4.0
107,colombos,96,regulatory,cusR,2.6014173489862993e-14,3.433870900661915e-12,0.6666666666666666,0.5,0.5714285714285715,6.0
108,colombos,96,regulatory,hprR,2.6014173489862993e-14,3.433870900661915e-12,0.6666666666666666,0.5,0.5714285714285715,6.0
109,colombos,96,regulatory,phoB,1.9420750047925397e-10,1.709026004217435e-08,0.6666666666666666,0.13636363636363635,0.22641509433962262,6.0
110,colombos,97,regulatory,narL,1.3896423512457347e-19,3.6686558072887394e-17,0.9285714285714286,0.11818181818181818,0.2096774193548387,13.0
111,colombos,97,regulatory,fis,7.16360724719936e-19,8.00364198787931e-17,0.9285714285714286,0.10483870967741936,0.1884057971014493,13.0
112,colombos,97,regulatory,ihf,9.095047713499217e-19,8.00364198787931e-17,1.0,0.07329842931937172,0.13658536585365852,14.0
113,colombos,97,regulatory,arcA,9.49040779802476e-18,6.263669146696341e-16,0.9285714285714286,0.08666666666666667,0.15853658536585366,13.0
114,colombos,97,regulatory,fnr,1.3343184723037789e-14,7.045201533763953e-13,0.9285714285714286,0.050387596899224806,0.09558823529411764,13.0
115,colombos,98,regulatory,his-tRNA,0.0,0.0,1.0,1.0,1.0,8.0
116,colombos,98,regulatory,dksA,2.5102881506047636e-13,3.313580358798288e-11,1.0,0.08080808080808081,0.14953271028037382,8.0
117,colombos,99,regulatory,zur,2.5355940077955538e-14,6.693968180580262e-12,0.5555555555555556,1.0,0.7142857142857143,5.0
118,colombos,100,regulatory,cysB,7.448549088986308e-28,1.9664169594923854e-25,0.5357142857142857,0.6,0.5660377358490566,15.0
119,colombos,102,regulatory,arcZ,0.0,0.0,1.0,1.0,1.0,1.0
120,colombos,102,regulatory,rprA,0.0,0.0,1.0,1.0,1.0,1.0
121,colombos,104,regulatory,argR,2.923575052217616e-40,7.718238137854507e-38,0.8333333333333334,0.5882352941176471,0.6896551724137931,20.0
122,colombos,105,regulatory,bluR,0.0,0.0,1.0,1.0,1.0,4.0
123,colombos,106,regulatory,fliA,1.0089259395493192e-09,2.6635644804102026e-07,0.5,0.11290322580645161,0.18421052631578946,7.0
124,colombos,107,regulatory,narL,1.566747250499574e-14,4.136212741318875e-12,0.631578947368421,0.10909090909090909,0.18604651162790697,12.0
125,colombos,107,regulatory,dcuR,2.5413556991679685e-13,3.3545895229017184e-11,0.3157894736842105,0.75,0.44444444444444436,6.0
126,colombos,107,regulatory,fnr,4.718527776484093e-10,4.152304443306002e-08,0.631578947368421,0.046511627906976744,0.08664259927797834,12.0
127,colombos,109,regulatory,fur,3.0514808096166457e-29,8.055909337387945e-27,0.696969696969697,0.21904761904761905,0.3333333333333333,23.0
128,colombos,110,regulatory,cpxR,5.867536753553207e-23,1.5490297029380465e-20,0.31746031746031744,0.37037037037037035,0.34188034188034183,20.0
129,colombos,112,regulatory,rpoH,3.989368108300568e-26,1.05319318059135e-23,1.0,0.13821138211382114,0.24285714285714285,17.0
130,colombos,112,regulatory,gcvB,4.013830748975987e-08,5.298256588648302e-06,0.35294117647058826,0.1276595744680851,0.18749999999999997,6.0
131,colombos,113,regulatory,nadR,0.0,0.0,1.0,1.0,1.0,4.0
132,colombos,114,regulatory,prpR,7.220405793628327e-13,1.9061871295178784e-10,1.0,0.8,0.888888888888889,4.0
133,colombos,115,regulatory,ntrC,8.97274736996796e-10,2.3688053056715413e-07,0.8333333333333334,0.12195121951219512,0.21276595744680848,5.0
134,colombos,117,regulatory,fhlA,1.074463038557891e-28,2.836582421792832e-26,0.9285714285714286,0.48148148148148145,0.6341463414634146,13.0
135,colombos,117,regulatory,rpoN,3.6381674049205e-19,4.8023809744950595e-17,0.9285714285714286,0.11016949152542373,0.196969696969697,13.0
136,colombos,117,regulatory,nsrR,2.00309586818187e-17,1.7627243640000454e-15,0.7857142857142857,0.15942028985507245,0.2650602409638554,11.0
137,colombos,117,regulatory,modE,3.2281574428468477e-13,2.1305839122789195e-11,0.5714285714285714,0.2,0.29629629629629634,8.0
138,colombos,117,regulatory,ihf,2.299088291178537e-12,1.2139186177422675e-10,0.7857142857142857,0.05759162303664921,0.1073170731707317,11.0
139,colombos,124,regulatory,cytR,3.1021518704530946e-19,8.189680937996169e-17,0.6153846153846154,0.7272727272727273,0.6666666666666667,8.0
140,colombos,124,regulatory,deoR,2.5899281651054526e-13,3.4187051779391976e-11,0.38461538461538464,1.0,0.5555555555555556,5.0
141,colombos,125,regulatory,TPP,5.935498137507315e-22,1.566971508301931e-19,0.8888888888888888,0.8,0.8421052631578948,8.0
142,colombos,126,regulatory,narP,2.117375021463482e-14,5.589870056663593e-12,1.0,0.16279069767441862,0.28,7.0
143,colombos,126,regulatory,narL,2.090939580080965e-11,2.760040245706874e-09,1.0,0.06363636363636363,0.11965811965811964,7.0
144,colombos,126,regulatory,nsrR,2.7821149560479513e-10,2.448261161322197e-08,0.8571428571428571,0.08695652173913043,0.15789473684210523,6.0
145,colombos,126,regulatory,fnr,9.138481086029176e-09,5.398876720049476e-07,1.0,0.027131782945736434,0.05283018867924528,7.0
146,colombos,126,regulatory,fis,1.0225145303124009e-08,5.398876720049476e-07,0.8571428571428571,0.04838709677419355,0.0916030534351145,6.0
147,colombos,126,regulatory,flhD;flhC,6.591069818086528e-08,2.9000707199580724e-06,0.7142857142857143,0.06756756756756757,0.1234567901234568,5.0
148,colombos,126,regulatory,ihf,1.4028585675802418e-07,5.290780883445483e-06,0.8571428571428571,0.031413612565445025,0.0606060606060606,6.0
149,colombos,127,regulatory,cdaR,2.356281022025039e-18,6.220581898146102e-16,0.8571428571428571,1.0,0.923076923076923,6.0
150,colombos,130,regulatory,leuO,1.1288427276383572e-10,2.1480815673870074e-08,0.15217391304347827,0.5,0.23333333333333334,7.0
151,colombos,130,regulatory,slyA,1.627334520747733e-10,2.1480815673870074e-08,0.17391304347826086,0.34782608695652173,0.23188405797101447,8.0
152,colombos,130,regulatory,h-NS,2.6492288284606573e-08,2.3313213690453785e-06,0.2608695652173913,0.096,0.14035087719298245,12.0
153,colombos,132,regulatory,ypdB,0.0,0.0,1.0,1.0,1.0,1.0
154,colombos,133,regulatory,cra,2.5237240065207114e-11,6.662631377214678e-09,1.0,0.09375,0.17142857142857143,6.0
155,colombos,136,regulatory,allR,1.1269306701281958e-14,2.975096969138437e-12,1.0,0.625,0.7692307692307693,5.0
156,colombos,139,regulatory,phoP,1.3118862544864896e-16,3.463379711844332e-14,0.3333333333333333,0.29545454545454547,0.3132530120481928,13.0
157,colombos,140,regulatory,gatR,1.2074257179978747e-15,3.1876038955143894e-13,0.8333333333333334,1.0,0.9090909090909091,5.0
158,colombos,142,regulatory,soxS,1.881950756514554e-42,4.9683499971984224e-40,0.42857142857142855,0.7297297297297297,0.54,27.0
159,colombos,142,regulatory,marA,1.196404430294975e-24,1.5792538479893668e-22,0.30158730158730157,0.48717948717948717,0.37254901960784315,19.0
160,colombos,142,regulatory,rob,4.087330877300021e-20,3.5968511720240185e-18,0.2222222222222222,0.6086956521739131,0.3255813953488372,14.0
161,colombos,144,regulatory,fnr,2.5672725473845655e-16,6.777599525095253e-14,0.8421052631578947,0.06201550387596899,0.11552346570397111,16.0
162,colombos,144,regulatory,narL,1.566747250499574e-14,2.0681063706594377e-12,0.631578947368421,0.10909090909090909,0.18604651162790697,12.0
163,colombos,147,regulatory,glpR,6.594432888253544e-17,1.7409302824989354e-14,0.8571428571428571,0.75,0.7999999999999999,6.0
164,colombos,149,regulatory,rob,1.7790246080080402e-12,4.696624965141226e-10,0.4375,0.30434782608695654,0.358974358974359,7.0
165,colombos,149,regulatory,soxS,7.243508050691757e-11,9.480813121245332e-09,0.4375,0.1891891891891892,0.2641509433962264,7.0
166,colombos,149,regulatory,marA,1.0773651274142424e-10,9.480813121245332e-09,0.4375,0.1794871794871795,0.2545454545454545,7.0
167,colombos,150,regulatory,cusR,1.5938019477503484e-13,2.1038185710304598e-11,1.0,0.4166666666666667,0.5882352941176471,5.0
168,colombos,150,regulatory,hprR,1.5938019477503484e-13,2.1038185710304598e-11,1.0,0.4166666666666667,0.5882352941176471,5.0
169,colombos,150,regulatory,gadE,1.0691754732852942e-11,9.408744164910588e-10,1.0,0.2,0.33333333333333337,5.0
170,colombos,150,regulatory,pdhR,7.586497271310966e-11,5.007088199065238e-09,1.0,0.1388888888888889,0.24390243902439027,5.0
171,colombos,150,regulatory,cra,1.5343386459898111e-09,8.101308050826203e-08,1.0,0.078125,0.14492753623188406,5.0
172,colombos,150,regulatory,fur,1.9431634554469978e-08,8.549919203966791e-07,1.0,0.047619047619047616,0.0909090909090909,5.0
173,colombos,150,regulatory,fis,4.530865489751484e-08,1.7087835561348454e-06,1.0,0.04032258064516129,0.07751937984496124,5.0
174,colombos,150,regulatory,arcA,1.1905218183162659e-07,3.928722000443677e-06,1.0,0.03333333333333333,0.06451612903225806,5.0
175,colombos,151,regulatory,fadR,1.6374387131845115e-16,4.32283820280711e-14,0.47368421052631576,0.4090909090909091,0.43902439024390244,9.0
176,colombos,151,regulatory,arcA,1.9676430776265302e-08,2.59728886246702e-06,0.47368421052631576,0.06,0.10650887573964496,9.0
177,colombos,152,regulatory,rpoS,5.126442126854053e-19,1.3533807214894699e-16,0.5087719298245614,0.1111111111111111,0.1823899371069182,29.0
178,colombos,153,regulatory,dpiA,1.97549267596766e-15,5.215300664554623e-13,0.75,0.6,0.6666666666666665,6.0
179,colombos,154,regulatory,fliA,1.8529098929994065e-46,4.891682117518433e-44,0.7435897435897436,0.46774193548387094,0.5742574257425742,29.0
180,colombos,154,regulatory,flhD;flhC,1.4011254123063171e-10,1.8494855442443386e-08,0.28205128205128205,0.14864864864864866,0.19469026548672566,11.0
181,colombos,156,regulatory,trpR,2.3654801113478967e-20,6.244867493958447e-18,1.0,0.7777777777777778,0.8750000000000001,7.0
182,colombos,156,regulatory,trp-tRNA,5.0542840555252224e-12,6.671654953293293e-10,0.5714285714285714,1.0,0.7272727272727273,4.0
183,colombos,157,regulatory,rbsR,2.8275372264262935e-17,7.464698277765415e-15,1.0,0.6666666666666666,0.8,6.0
184,colombos,161,regulatory,ntrC,4.490872871697998e-32,1.1855904381282714e-29,0.6333333333333333,0.4634146341463415,0.5352112676056339,19.0
185,colombos,161,regulatory,rpoN,1.2696414678204856e-25,1.675926737523041e-23,0.7,0.17796610169491525,0.28378378378378377,21.0
186,colombos,161,regulatory,rutR,2.3218293156557164e-09,2.0432097977770303e-07,0.2,0.35294117647058826,0.25531914893617025,6.0
187,colombos,162,regulatory,arcA,1.578364696764308e-20,4.166882799457773e-18,0.9375,0.1,0.18072289156626503,15.0
188,colombos,162,regulatory,crp,6.826009785345926e-12,9.010332916656622e-10,0.875,0.03341288782816229,0.06436781609195402,14.0
189,colombos,162,regulatory,fur,4.330422263684025e-09,3.810771592041942e-07,0.5,0.0761904761904762,0.13223140495867772,8.0
190,colombos,162,regulatory,fnr,1.6820775291411852e-08,1.1101711692331821e-06,0.625,0.03875968992248062,0.07299270072992702,10.0
191,colombos,162,regulatory,rpoD,7.03358415155611e-08,3.713732432021626e-06,1.0,0.012422360248447204,0.024539877300613494,16.0
192,colombos,163,regulatory,phoB,6.204868026391431e-21,1.6380851589673376e-18,0.5,0.3181818181818182,0.3888888888888889,14.0
193,colombos,164,regulatory,fecI,0.0,0.0,1.0,1.0,1.0,5.0
194,colombos,164,regulatory,hypT,2.5899281651034836e-13,3.4187051779365984e-11,1.0,0.38461538461538464,0.5555555555555556,5.0
195,colombos,164,regulatory,pdhR,7.586497271310966e-11,6.6761175987536505e-09,1.0,0.1388888888888889,0.24390243902439027,5.0
196,colombos,164,regulatory,fur,1.9431634554469978e-08,1.2824878805950185e-06,1.0,0.047619047619047616,0.0909090909090909,5.0
197,colombos,165,regulatory,fliZ,2.6955854891977936e-15,7.116345691482175e-13,1.0,0.375,0.5454545454545454,6.0
198,colombos,165,regulatory,csgD,7.749808281445797e-14,1.0229746931508451e-11,1.0,0.23076923076923078,0.375,6.0
199,colombos,165,regulatory,cpxR,8.69372267744616e-12,7.65047595615262e-10,1.0,0.1111111111111111,0.19999999999999998,6.0
200,colombos,165,regulatory,mqsA,1.5135815255800893e-10,9.98963806882859e-09,0.6666666666666666,0.5,0.5714285714285715,4.0
201,colombos,165,regulatory,mlrA,2.72323079189769e-10,1.1982215484349836e-08,0.6666666666666666,0.4444444444444444,0.5333333333333333,4.0
202,colombos,165,regulatory,rcdA,2.72323079189769e-10,1.1982215484349836e-08,0.6666666666666666,0.4444444444444444,0.5333333333333333,4.0
203,colombos,165,regulatory,rstA,4.5366918676007313e-10,1.7109809329237042e-08,0.6666666666666666,0.4,0.5,4.0
204,colombos,165,regulatory,basR,1.0684082459736631e-09,3.525747211713088e-08,0.6666666666666666,0.3333333333333333,0.4444444444444444,4.0
205,colombos,165,regulatory,ompR,1.5425669913962412e-09,4.524863174762308e-08,0.6666666666666666,0.3076923076923077,0.42105263157894735,4.0
206,colombos,165,regulatory,rcsA;rcsB,2.1586289031263834e-09,5.698780304253652e-08,0.6666666666666666,0.2857142857142857,0.4,4.0
207,colombos,165,regulatory,rpoS,1.3947711732550902e-07,3.3474508158122166e-06,1.0,0.022988505747126436,0.0449438202247191,6.0
208,colombos,168,regulatory,dksA,7.121343177938704e-56,1.880034598975818e-53,0.8444444444444444,0.3838383838383838,0.5277777777777778,38.0
209,colombos,169,regulatory,cbl,5.071188015591081e-14,1.3387936361160454e-11,0.5,1.0,0.6666666666666666,5.0
210,colombos,169,regulatory,cysB,1.2292998274014474e-11,1.6226757721699106e-09,0.6,0.24,0.34285714285714286,6.0
211,colombos,170,regulatory,argP,1.8380559050376993e-10,4.852467589299526e-08,0.45454545454545453,0.35714285714285715,0.4,5.0
212,colombos,172,regulatory,phoB,1.1486380186542434e-14,3.0324043692472024e-12,0.8,0.18181818181818182,0.2962962962962963,8.0
213,colombos,173,regulatory,pdhR,1.8439344819902175e-08,4.867987032454174e-06,0.5,0.1388888888888889,0.2173913043478261,5.0
214,colombos,174,regulatory,mraZ,1.2238441061451783e-34,3.2309484402232705e-32,0.8235294117647058,0.875,0.8484848484848485,14.0
215,colombos,174,regulatory,pdhR,3.811402982195755e-27,5.031051936498396e-25,0.8235294117647058,0.3888888888888889,0.5283018867924528,14.0
216,colombos,174,regulatory,lexA,7.562535677011026e-20,6.6550313957697026e-18,0.7058823529411765,0.24,0.3582089552238806,12.0
217,colombos,176,regulatory,tyrR,5.570531089782866e-13,1.4706202077026768e-10,0.8333333333333334,0.45454545454545453,0.5882352941176471,5.0
218,colombos,182,regulatory,modE,4.620953970936188e-27,1.2199318483271536e-24,1.0,0.325,0.4905660377358491,13.0
219,colombos,182,regulatory,narP,1.404610663920602e-26,1.8540860763751947e-24,1.0,0.3023255813953488,0.46428571428571425,13.0
220,colombos,182,regulatory,flhD;flhC,4.018973491340228e-23,3.536696672379401e-21,1.0,0.17567567567567569,0.2988505747126437,13.0
221,colombos,182,regulatory,narL,1.0182270396427391e-20,6.720298461642078e-19,1.0,0.11818181818181818,0.21138211382113822,13.0
222,colombos,182,regulatory,fnr,1.0177800584776096e-15,5.373878708761779e-14,1.0,0.050387596899224806,0.09594095940959409,13.0
223,colombos,182,regulatory,iscR,2.639931691863377e-10,1.1615699444198857e-08,0.46153846153846156,0.20689655172413793,0.28571428571428575,6.0
224,colombos,183,regulatory,araC,5.204056244943021e-19,1.3738708486649575e-16,1.0,0.5833333333333334,0.7368421052631579,7.0
225,colombos,187,regulatory,araC,8.713865690672701e-14,2.300460542337593e-11,0.3181818181818182,0.5833333333333334,0.4117647058823529,7.0
226,colombos,187,regulatory,ygbI,5.299391476292688e-12,6.995196748706348e-10,0.22727272727272727,1.0,0.37037037037037035,5.0
227,colombos,188,regulatory,dksA,1.3522931393423022e-15,3.5700538878636776e-13,0.7857142857142857,0.1111111111111111,0.19469026548672566,11.0
228,colombos,188,regulatory,arcA,1.533792054761718e-13,2.0246055122854676e-11,0.7857142857142857,0.07333333333333333,0.13414634146341464,11.0
229,colombos,188,regulatory,fnr,6.425878474858821e-11,5.6547730578757624e-09,0.7857142857142857,0.04263565891472868,0.08088235294117647,11.0
